[111.928825, 116.807375, 115.970475]
[115.853275, 119.790025, 119.772175]
[111.21955, 116.896775, 119.479425]
[112.495, 116.8133, 116.114]
[130.7613, 128.398575, 127.4927]
[114.722675, 116.28975, 113.4517]
[100.546725, 106.300725, 102.11315]
[117.236075, 121.88805, 117.87455]
[107.855225, 113.774925, 108.493175]
[107.933225, 112.8688, 111.314375]
[138.9562, 181.20435, 177.57025]
[99.474275, 102.031775, 103.81165]
[145.300875, 184.86055, 185.15145]
[108.7263, 118.418975, 109.878775]
[108.558525, 115.084, 109.7013]
[135.402525, 135.0198, 129.878975]
[129.5158, 149.300575, 127.063225]
[132.803025, 157.585325, 133.231775]
[118.139125, 122.20285, 116.416775]
[137.102275, 169.232975, 155.12255]
[111.501325, 120.937225, 111.95205]
[96.1029, 110.80765, 110.15235]
[103.287875, 116.390175, 113.372325]
[103.612125, 113.71305, 110.629425]
[140.158075, 137.9846, 131.11195]
[148.5607, 146.149775, 140.958975]
[137.291325, 170.582475, 156.98815]
[75.509075, 88.8922, 82.602825]
[78.764575, 91.831175, 87.35935]
[79.8967, 93.079475, 85.218775]
[125.6413, 157.782025, 117.9965]
[120.795175, 151.06535, 108.1841]
[78.56495, 93.30345, 63.77485]
[82.462075, 98.3004, 69.66105]
[84.479975, 104.737, 95.964675]
[86.8299, 110.432375, 98.64595]
[88.7445, 110.764, 104.4412]
[113.985775, 114.687525, 97.471725]
[113.072025, 112.382525, 94.567075]
[134.713075, 158.262975, 136.257175]
[126.141075, 145.35535, 146.74945]
[124.264275, 150.217775, 137.51425]
[148.12495, 173.7239, 158.330525]
[129.364375, 152.3857, 141.50865]
[129.5775, 155.321025, 154.5235]
[134.544525, 161.28105, 156.680775]
[121.934725, 151.54825, 111.09305]
[142.918, 167.2134, 158.27605]
[127.250775, 150.176425, 140.500625]
[139.540975, 164.6898, 162.88355]
[133.564575, 161.81635, 117.171925]
[132.0669, 153.74295, 130.835975]
[135.299075, 166.395575, 144.655525]
[147.909275, 182.196175, 172.341]
[131.7211, 158.326725, 137.860975]
[132.096075, 153.517675, 140.1108]
[133.32785, 157.2134, 153.248875]
[132.328975, 156.88965, 150.975925]
[146.63895, 178.93325, 155.64515]
[131.276875, 157.972325, 154.079575]
[134.6022, 163.46145, 168.231575]
[169.73875, 201.7129, 193.146625]
[113.04345, 120.91725, 125.11385]
[117.526725, 133.788075, 123.508625]
[125.914675, 142.3376, 129.178475]
[120.88145, 142.526875, 123.76005]
[115.5273, 129.27595, 127.75915]
[111.727525, 121.903, 123.574]
[105.2119, 117.4167, 112.767]
[105.29625, 119.846675, 111.640425]
[115.583225, 116.179525, 109.718475]
[118.62045, 119.76395, 114.334225]
[117.27905, 115.5139, 109.061175]
[127.4857, 122.5141, 130.728525]
[125.512125, 119.81875, 127.092175]
[107.659975, 114.43135, 120.164]
[120.113325, 139.037875, 114.6877]
[135.801625, 158.69275, 122.2265]
[104.661775, 107.471375, 93.814275]
[127.289875, 156.01405, 128.649625]
[155.925725, 157.274175, 154.787975]
[134.760625, 137.428675, 132.2064]
[137.862975, 140.35505, 135.458725]
[122.7192, 128.9828, 147.46735]
[124.906075, 130.5769, 148.081675]
[125.60185, 131.7334, 148.933625]
[93.942925, 139.85285, 174.98055]
[92.326025, 123.7216, 150.60865]
[132.7662, 136.842075, 131.413525]
[151.361925, 148.695875, 142.064175]
[135.64845, 133.903675, 130.651]
[95.7684, 90.222325, 86.211825]
[101.55915, 93.37865, 95.96205]
[105.067375, 95.634575, 99.244625]
[102.285775, 108.312775, 105.470825]
[119.0471, 130.37, 123.0284]
[119.895425, 111.0908, 117.892975]
[110.707575, 104.638625, 109.0554]
[124.30155, 159.54895, 132.929975]
[133.30205, 157.107575, 112.143325]
[149.71725, 163.548075, 172.43985]
[144.103125, 158.110625, 137.42065]
[144.103125, 158.110625, 137.42065]
[159.78745, 166.65815, 152.890125]
[163.85765, 169.27405, 155.068]
[148.516175, 153.61615, 141.25635]
[151.833175, 160.721875, 150.484125]
[165.91085, 174.843075, 162.06725]
[143.403475, 150.689925, 139.67465]
[138.747925, 145.308075, 133.97085]
[137.504725, 142.379525, 132.523675]
[99.252425, 104.768925, 96.832575]
[164.021025, 174.9549, 162.915425]
[150.297975, 158.7851, 145.799575]
[72.7984, 86.37095, 88.25735]
[127.6154, 144.722525, 140.407375]
[118.7536, 132.504625, 125.2017]
[92.300875, 103.752875, 96.69875]
[97.34045, 109.506925, 98.87105]
[156.240425, 165.8184, 171.35995]
[146.1497, 157.06415, 160.761]
[140.623675, 146.3527, 150.971725]
[155.708475, 173.041575, 183.2351]
[130.247325, 144.1479, 155.2105]
[167.79365, 178.787875, 180.987725]
[158.0619, 164.684475, 164.70875]
[112.8985, 119.025975, 123.743275]
[132.77935, 142.251125, 147.951625]
[135.456675, 144.507225, 150.624475]
[133.652575, 144.311325, 149.605325]
[123.97115, 129.277975, 132.6172]
[117.079325, 127.78115, 125.436325]
[138.4472, 157.228125, 164.11905]
[149.78345, 165.292025, 171.94545]
[137.5064, 148.084425, 153.55775]
[151.4288, 164.066675, 167.6238]
[149.29325, 163.921775, 172.222775]
[123.503025, 134.37395, 134.409575]
[141.570125, 164.33255, 165.86135]
[119.63995, 144.033275, 140.330125]
[136.425875, 155.2486, 157.8839]
[86.69205, 105.254475, 100.34495]
[60.7233, 70.99875, 64.823325]
[78.120025, 87.012125, 79.5373]
[104.03125, 129.225925, 125.290375]
[128.226, 147.247775, 146.662275]
[115.691025, 129.7707, 126.139]
[80.18805, 106.12385, 109.552275]
[123.113975, 141.4207, 136.5255]
[130.409775, 149.1208, 147.099525]
[121.6282, 139.2225, 137.483875]
[131.332825, 146.7483, 147.367425]
[151.35595, 162.683175, 158.9099]
[99.57895, 118.663775, 119.699725]
[115.908425, 136.634, 133.0]
[110.531775, 122.84725, 121.190575]
[41.344, 46.8866, 40.76255]
[86.525575, 100.289975, 98.0577]
[105.04525, 128.2554, 129.31135]
[127.879475, 141.7921, 140.528175]
[116.40465, 133.541725, 132.011425]
[116.7682, 130.640725, 129.374725]
[140.26715, 156.005575, 154.3461]
[150.44605, 164.367475, 166.30065]
[153.532475, 169.45955, 171.4247]
[133.4601, 152.374125, 151.2048]
[96.8237, 119.5669, 116.74585]
[141.049225, 155.214375, 154.4204]
[129.3529, 146.793775, 145.86125]
[106.415375, 126.524675, 125.34015]
[101.206975, 121.026925, 121.944825]
[132.341825, 147.142925, 149.82245]
[70.723175, 87.6234, 87.47655]
[125.326875, 138.99645, 153.194425]
[129.747825, 143.43065, 157.963125]
[128.661175, 143.3837, 158.780575]
[130.976825, 146.6931, 163.18185]
[112.7261, 120.88025, 130.901]
[105.02, 115.689575, 130.181975]
[144.583075, 162.59005, 176.81465]
[131.318525, 151.06145, 170.303525]
[126.269725, 140.423775, 153.978725]
[125.228075, 139.415625, 154.1748]
[124.062825, 140.9633, 139.368825]
[125.297025, 142.145725, 156.743925]
[126.468475, 141.6102, 154.789625]
[115.20505, 136.9971, 159.377325]
[130.9624, 148.836525, 168.421925]
[99.800825, 116.794775, 135.5139]
[84.03975, 98.07535, 114.612425]
[128.90155, 144.193475, 157.8065]
[120.20605, 133.314075, 145.256375]
[135.347375, 155.95815, 176.111525]
[129.491925, 149.824975, 169.7338]
[104.3337, 119.21115, 137.51465]
[144.2902, 162.9515, 179.075875]
[141.1339, 157.541325, 173.219125]
[140.678325, 156.56405, 170.946475]
[142.38895, 157.393475, 170.501775]
[139.2081, 156.97585, 171.385625]
[76.814125, 101.96465, 90.43805]
[60.2732, 94.9461, 83.727425]
[69.7111, 103.92915, 102.629075]
[38.51575, 63.3408, 45.37775]
[70.93485, 104.718775, 88.8256]
[62.921375, 97.70095, 75.666025]
[78.775775, 112.79705, 100.54335]
[62.996825, 97.86455, 74.648875]
[74.06755, 107.194025, 84.04635]
[71.8438, 102.6278, 89.8609]
[122.014025, 145.49245, 149.908275]
[121.8106, 135.867275, 141.13575]
[77.94535, 121.972175, 135.469975]
[84.25195, 127.122825, 121.452575]
[66.228975, 91.260975, 112.5537]
[129.621525, 151.931725, 156.9233]
[108.4618, 132.253125, 131.75775]
[109.02825, 131.17615, 129.621125]
[126.180275, 147.717375, 154.008225]
[107.587475, 129.42715, 131.637725]
[116.864675, 137.033525, 137.14775]
[158.622825, 173.38645, 183.004975]
[151.60285, 168.6149, 178.320875]
[140.49345, 157.5894, 167.8468]
[145.530675, 168.3784, 170.8562]
[137.095875, 154.8884, 159.4578]
[108.856475, 128.8956, 126.347575]
[119.114, 140.524575, 139.181975]
[122.304725, 139.76535, 148.439775]
[145.366625, 144.542025, 155.567525]
[142.9542, 143.4394, 150.337125]
[119.416325, 150.9002, 137.70895]
[103.838775, 132.013625, 112.926225]
[101.32985, 131.161875, 105.8706]
[104.79315, 131.85825, 113.554025]
[157.1046, 181.8566, 175.138425]
[151.852975, 177.45215, 168.569625]
[152.044375, 175.085225, 166.140925]
[144.315825, 165.556675, 154.754125]
[116.168825, 142.974375, 120.3505]
[139.21005, 161.545425, 156.7272]
[128.018225, 156.0367, 135.31465]
[114.9102, 147.096475, 124.02275]
[111.010075, 135.3461, 113.9016]
[120.961825, 145.674075, 130.399175]
[140.325825, 161.5969, 147.5234]
[131.654775, 155.00965, 145.3226]
[138.579875, 159.149625, 150.482525]
[114.193725, 139.62845, 115.384325]
[119.485675, 145.684475, 120.17245]
[121.35855, 146.270425, 118.981425]
[123.5935, 149.114975, 123.27195]
[112.116675, 139.24865, 110.27915]
[89.710725, 109.417825, 111.196175]
[91.276875, 108.8577, 110.88455]
[86.546575, 99.7046, 91.689025]
[82.749, 96.34515, 92.35435]
[87.886825, 99.842625, 105.40525]
[83.7611, 86.521475, 87.9269]
[139.0584, 152.5274, 163.685575]
[135.315725, 148.91655, 156.604975]
[127.32265, 139.808525, 148.68425]
[130.186975, 143.777525, 150.264125]
[122.1, 138.088925, 146.813425]
[128.283825, 142.114575, 149.70095]
[118.292575, 134.8661, 140.7759]
[59.8891, 91.5319, 85.8093]
[60.358975, 93.5588, 92.144825]
[59.16685, 91.97785, 90.317]
[61.40975, 95.984775, 95.31075]
[61.300975, 95.166925, 95.345525]
[70.48485, 102.053925, 88.224625]
[63.66765, 94.0615, 79.7087]
[60.545625, 92.10125, 81.51685]
[69.364575, 98.43165, 84.550625]
[53.69435, 80.220025, 71.050175]
[57.9054, 86.9696, 82.606275]
[55.917075, 85.305725, 76.497]
[53.875725, 83.60805, 75.64125]
[116.7087, 140.8471, 135.131725]
[129.878025, 131.152375, 124.433175]
[119.5966, 119.090675, 111.0193]
[120.8245, 119.346875, 113.610625]
[123.581025, 126.23915, 120.2065]
[118.26275, 120.97225, 111.5728]
[119.623025, 123.9616, 116.88155]
[137.71445, 143.655425, 140.07835]
[119.8325, 123.1965, 122.1975]
[113.939925, 112.911025, 105.8804]
[126.66735, 127.5887, 117.8394]
[131.70755, 137.957175, 141.583525]
[101.072875, 119.0568, 118.198575]
[100.827125, 118.341825, 117.644075]
[98.698325, 115.778175, 115.95435]
[113.6011, 132.9403, 140.133375]
[120.781425, 136.34385, 130.430675]
[118.254125, 131.6114, 126.313225]
[110.88015, 129.037725, 126.41875]
[109.739325, 128.389625, 126.7241]
[100.5609, 120.71935, 118.5267]
[193.4868, 196.05735, 200.2935]
[190.088225, 191.455875, 193.340925]
[153.09665, 155.43275, 151.51975]
[157.436925, 160.9051, 158.51655]
[160.191125, 163.239425, 160.9756]
[185.577425, 187.089075, 189.594375]
[121.659575, 125.6644, 126.199425]
[128.877475, 133.732775, 135.27185]
[123.714025, 128.858325, 126.490225]
[127.78755, 131.963825, 127.648525]
[127.93305, 132.52345, 130.2526]
[156.86465, 152.07945, 153.3962]
[152.300925, 147.052625, 147.30005]
[148.307525, 142.11085, 141.4608]
[149.8465, 142.661, 139.80595]
[153.417725, 151.350075, 152.271275]
[157.697525, 156.9183, 161.0974]
[132.495225, 125.8801, 127.724775]
[129.063675, 121.732575, 122.132475]
[166.746725, 174.9647, 157.77375]
[161.143825, 168.16255, 153.751775]
[174.679, 184.546825, 165.12685]
[174.37265, 183.9707, 163.1574]
[186.860875, 195.7208, 176.7159]
[178.886725, 190.104325, 169.166675]
[131.5328, 135.8106, 133.40285]
[138.172825, 145.210025, 147.69485]
[153.989675, 156.365375, 159.081525]
[143.2622, 137.709425, 134.222325]
[132.353525, 135.10235, 132.1992]
[144.661275, 144.084475, 139.961175]
[135.089275, 138.7577, 139.318]
[141.206225, 144.88375, 145.38085]
[135.021525, 136.78905, 136.936225]
[154.152125, 154.536175, 151.224125]
[142.447925, 139.3445, 130.1711]
[155.716725, 158.706625, 161.878075]
[162.30455, 164.701225, 171.0783]
[158.93, 161.76125, 166.519275]
[130.262175, 136.6688, 139.535725]
[142.93955, 148.22415, 149.39925]
[135.3797, 138.883625, 135.646225]
[137.603825, 139.59555, 133.7547]
[124.378625, 124.36855, 117.63815]
[141.471575, 142.22265, 139.858425]
[131.5338, 129.126775, 123.6922]
[134.085375, 133.18015, 130.204825]
[147.522, 148.031175, 149.80605]
[130.114475, 130.195925, 127.49085]
[129.496925, 117.564025, 108.28525]
[147.78845, 140.364875, 141.8016]
[142.92885, 136.034875, 140.7105]
[132.598925, 122.2181, 122.8159]
[135.066575, 123.1622, 121.1875]
[138.4351, 131.31985, 135.431425]
[133.6439, 125.10695, 125.366775]
[153.33485, 143.264, 139.869425]
[149.32235, 138.216175, 134.4454]
[145.163225, 135.076875, 130.888075]
[149.769725, 138.09235, 130.457575]
[184.86815, 190.505625, 186.417475]
[186.10375, 191.3476, 188.0872]
[188.9362, 192.069125, 187.0904]
[158.841025, 170.250325, 165.8035]
[184.924975, 187.7634, 181.355375]
[193.021725, 192.2181, 185.852]
[183.763225, 190.043775, 182.2917]
[174.976475, 185.45285, 183.166725]
[166.600575, 179.09975, 176.85615]
[168.532375, 181.46975, 179.745625]
[170.59655, 184.11735, 182.454675]
[168.520825, 183.712075, 181.1302]
[164.5423, 179.930275, 177.29285]
[155.009075, 178.41185, 154.80375]
[144.0303, 168.365225, 141.136025]
[140.582775, 159.539675, 136.8034]
[158.89855, 176.5675, 157.5251]
[153.879625, 172.90775, 151.20675]
[168.236475, 183.515225, 173.570775]
[173.576075, 186.28775, 190.1871]
[166.89995, 180.8812, 184.007325]
[174.89735, 186.02245, 192.053775]
[192.152325, 199.762875, 206.4206]
[183.24765, 193.460375, 197.113725]
[181.0825, 191.4708, 196.062575]
[145.972175, 182.419375, 151.107575]
[146.71065, 184.37755, 154.26375]
[149.35195, 187.82085, 159.2602]
[144.606525, 180.47485, 148.84195]
[149.2313, 184.834975, 155.2897]
[157.8616, 194.0853, 169.7275]
[147.74895, 159.17345, 133.10465]
[157.424025, 170.0091, 148.5644]
[182.1292, 193.742475, 187.225275]
[146.867675, 160.7635, 151.081125]
[133.50615, 150.36505, 142.35805]
[145.654825, 163.890825, 159.002175]
[151.516875, 167.015775, 160.0659]
[147.130675, 164.510375, 156.90475]
[145.0476, 161.145275, 154.32985]
[102.172025, 112.83745, 108.605775]
[103.526775, 116.861975, 118.155825]
[127.74615, 137.261925, 131.997825]
[89.55025, 100.550175, 97.45125]
[121.9246, 131.557975, 124.71895]
[93.44885, 104.45935, 105.461725]
[109.817225, 117.2876, 104.733075]
[112.361025, 123.264975, 118.8366]
[105.162775, 115.7431, 111.181475]
[103.80675, 115.74555, 112.72535]
[111.9908, 133.63125, 136.04385]
[114.20045, 128.30205, 122.412225]
[96.2716, 105.930775, 102.7967]
[98.026375, 107.7852, 104.83435]
[107.175725, 121.3027, 118.691]
[115.32775, 124.047775, 117.971875]
[104.4327, 122.488775, 123.84685]
[109.584125, 121.112975, 117.308925]
[96.7684, 113.382025, 118.750375]
[87.377475, 103.153, 100.574475]
[131.52105, 143.44605, 138.3983]
[113.43445, 124.154575, 119.059775]
[87.688925, 100.006325, 100.492525]
[115.979375, 125.8235, 118.76885]
[113.384275, 122.5379, 116.093125]
[145.98335, 139.848325, 139.76965]
[162.25895, 165.9861, 165.246525]
[130.65755, 136.3311, 138.40105]
[133.125425, 127.834925, 124.859525]
[146.857375, 154.7849, 158.694375]
[155.884425, 160.45965, 162.1722]
[138.943525, 153.21395, 151.892475]
[152.6315, 165.7578, 163.933725]
[166.48875, 185.6213, 186.300625]
[116.457975, 113.861325, 107.974675]
[127.7062, 123.3463, 117.007475]
[141.05165, 149.950625, 145.334375]
[147.69485, 161.1655, 157.122475]
[130.392225, 139.907775, 140.41805]
[139.857125, 151.431775, 151.0104]
[119.719, 132.703425, 135.3422]
[137.0906, 147.04085, 140.471075]
[125.864425, 138.291925, 137.9431]
[140.589425, 155.05495, 150.8818]
[141.76195, 153.805125, 151.5801]
[165.2606, 168.467175, 171.33495]
[125.159125, 133.70875, 131.961875]
[115.772525, 125.759425, 122.5351]
[134.4708, 146.47295, 147.401075]
[148.3563, 157.008325, 147.114875]
[157.21865, 168.602575, 159.463725]
[156.68605, 168.7366, 169.908725]
[198.5889, 198.941725, 194.996]
[126.752825, 136.560225, 132.734125]
[139.8481, 142.845475, 135.094625]
[183.7523, 185.094925, 180.24235]
[126.365975, 143.549675, 140.1567]
[125.86165, 144.7596, 143.37775]
[157.166775, 158.8654, 151.41135]
[145.02025, 143.790625, 136.0179]
[137.7979, 144.76835, 143.471275]
[162.763075, 169.5741, 165.6727]
[160.1995, 159.86825, 153.884275]
[150.8193, 155.482675, 156.979]
[152.09355, 145.33545, 138.115025]
[135.3692, 124.84295, 101.208175]
[130.901375, 135.26355, 130.370525]
[114.217075, 124.6686, 116.12085]
[159.8462, 161.128425, 154.794925]
[176.2408, 177.983875, 175.116475]
[152.26695, 143.8352, 145.8894]
[97.05405, 91.63975, 90.73575]
[134.940075, 133.28475, 132.616]
[131.9401, 124.98915, 119.506875]
[136.12165, 137.1874, 129.675]
[132.903675, 134.7983, 140.64715]
[136.88905, 135.311025, 136.9344]
[118.6757, 117.742125, 117.668]
[135.5989, 139.428375, 141.59685]
[150.376675, 158.4344, 161.5826]
[120.92795, 123.35965, 124.146575]
[97.094425, 101.889625, 96.56255]
[131.1983, 133.4763, 127.0807]
[138.856075, 142.565075, 135.2005]
[135.13595, 139.446425, 132.99435]
[119.537025, 102.86375, 100.96125]
[158.38105, 154.961625, 152.49305]
[131.866375, 129.80165, 127.99705]
[117.4216, 121.812425, 134.173675]
[133.062875, 135.107725, 145.1559]
[141.567625, 141.002325, 145.5216]
[127.461175, 128.579475, 137.769325]
[171.875625, 180.4224, 173.124675]
[163.156375, 173.534675, 173.468775]
[144.991425, 154.1401, 163.012]
[120.2466, 124.400475, 131.719625]
[172.434125, 174.1738, 176.50285]
[170.050875, 174.756, 176.2594]
[178.730275, 173.57305, 169.58375]
[176.6026, 172.91985, 168.990225]
[98.327025, 133.653675, 145.661]
[117.844125, 155.28195, 165.180775]
[106.444525, 137.06745, 138.783175]
[112.9758, 142.813475, 150.0304]
[112.559375, 151.5682, 153.650525]
[129.614725, 158.576275, 161.98635]
[132.68405, 160.7021, 162.562625]
[112.00425, 148.538625, 157.1197]
[107.528975, 129.155525, 151.3308]
[101.225775, 124.11355, 147.701825]
[98.786225, 123.1975, 147.9413]
[91.8598, 115.029025, 139.1412]
[112.0394, 138.149175, 162.16015]
[101.855425, 127.5073, 153.487275]
[99.910425, 125.73625, 150.887225]
[98.3749, 124.100325, 149.082575]
[110.379325, 133.4088, 157.275225]
[94.120425, 115.914775, 138.64345]
[100.8273, 126.10055, 154.373325]
[111.25145, 134.19425, 157.96695]
[105.49925, 130.436375, 155.490225]
[94.180475, 120.464775, 145.38735]
[96.690975, 122.570675, 147.25375]
[103.236, 123.245825, 142.59425]
[111.695825, 134.236875, 157.53815]
[93.867325, 116.48195, 138.360325]
[95.033675, 118.4342, 140.1181]
[99.421475, 122.604775, 145.62565]
[101.806, 122.869, 144.17765]
[94.755025, 115.560575, 135.866725]
[97.185825, 117.0623, 136.62435]
[90.0443, 110.8791, 130.3245]
[104.122275, 124.98615, 147.3226]
[88.57405, 115.672275, 140.843025]
[108.0117, 132.875775, 159.5751]
[113.385725, 134.95095, 159.299625]
[108.97735, 132.36605, 157.545825]
[95.63285, 118.179575, 142.664125]
[103.090225, 130.10735, 158.1831]
[113.922425, 138.805175, 163.4705]
[108.26555, 136.955975, 165.386175]
[101.4969, 121.160025, 138.62535]
[93.85945, 115.1464, 134.516625]
[110.1707, 137.571475, 162.69675]
[108.059825, 135.9188, 160.79535]
[94.7956, 122.94115, 149.501825]
[99.5594, 126.063625, 152.31955]
[100.050775, 127.77995, 155.134075]
[100.453025, 128.885825, 156.916075]
[83.8688, 103.35335, 125.837375]
[110.627275, 131.59585, 151.12775]
[103.19205, 123.09105, 142.64605]
[96.7856, 115.55245, 135.6064]
[105.603475, 123.1116, 142.16055]
[117.958175, 135.4986, 154.613375]
[97.74255, 118.8221, 138.77505]
[95.868925, 115.69215, 135.209025]
[105.24115, 128.4301, 152.66545]
[108.763, 128.481225, 147.62935]
[94.554325, 117.857175, 140.92485]
[98.4459, 111.104025, 113.71305]
[97.29975, 108.57865, 110.9322]
[97.763325, 106.242975, 106.575625]
[101.35105, 109.9771, 109.937175]
[98.462975, 108.582625, 108.3311]
[111.489675, 123.7007, 126.905825]
[108.016875, 117.5303, 118.0594]
[107.770475, 128.674475, 149.9478]
[101.859875, 124.73035, 146.625825]
[111.302725, 136.548225, 160.996125]
[108.0148, 130.472575, 152.083325]
[113.6708, 129.8123, 146.918025]
[106.698725, 125.24195, 146.21255]
[110.156075, 126.419275, 145.4562]
[115.928675, 131.203725, 149.40485]
[97.710075, 120.412725, 141.878]
[92.30645, 117.834725, 140.311425]
[101.67535, 123.674275, 143.06895]
[96.204525, 117.43445, 136.259225]
[111.218325, 131.616575, 152.845225]
[101.4685, 121.608525, 140.85415]
[106.191625, 124.756025, 143.333625]
[116.669025, 133.08805, 150.8389]
[122.432725, 135.3447, 151.377525]
[107.5319, 123.581625, 141.671725]
[115.612175, 130.979775, 149.859975]
[99.09315, 121.8368, 141.60065]
[105.33935, 127.536525, 146.88915]
[98.3614, 118.0912, 137.12935]
[94.4627, 115.38935, 135.782775]
[101.431625, 120.0584, 139.03955]
[100.835425, 118.399275, 136.462075]
[99.946875, 121.8492, 142.29795]
[96.299075, 119.428025, 139.87325]
[83.849125, 104.443825, 121.21105]
[106.6253, 124.766375, 143.059575]
[99.4836, 119.021175, 137.8313]
[99.944275, 115.76305, 134.29145]
[121.36435, 143.174025, 164.6989]
[108.0268, 130.0966, 151.033175]
[85.078325, 95.134825, 90.4276]
[92.73675, 100.676075, 100.230575]
[97.937675, 107.97755, 108.251325]
[97.32955, 105.473575, 104.430975]
[97.3841, 106.1994, 106.563475]
[105.51365, 117.921475, 113.40435]
[99.57665, 112.0707, 112.84915]
[100.758675, 115.689275, 111.765625]
[77.317675, 88.37095, 84.18765]
[79.461975, 91.423825, 87.27165]
[87.458725, 96.699975, 88.087275]
[96.36395, 111.141175, 101.45715]
[97.133675, 110.914925, 102.48905]
[114.5256, 119.623325, 115.13805]
[121.34515, 148.45775, 152.643175]
[126.440275, 152.439775, 155.844375]
[113.1071, 143.302425, 156.1107]
[132.84135, 161.847125, 173.66375]
[103.14275, 132.1146, 137.7902]
[105.52935, 133.1094, 126.847125]
[116.143425, 134.4192, 130.822925]
[89.350275, 114.117175, 112.346]
[123.86815, 146.666225, 144.4152]
[107.12825, 130.3866, 128.516925]
[96.187125, 114.729125, 114.630525]
[91.614575, 110.921225, 110.173125]
[118.8866, 147.099275, 154.655375]
[118.516075, 147.2785, 150.25485]
[119.542825, 147.2354, 149.8517]
[124.394875, 150.3084, 158.050875]
[105.99915, 129.506575, 137.1897]
[113.890025, 136.289775, 148.488775]
[131.9858, 155.32895, 156.823125]
[106.563275, 121.488675, 134.1581]
[105.162425, 120.200225, 131.1744]
[115.718475, 134.974075, 153.265975]
[115.21165, 133.206725, 151.9322]
[105.07855, 127.1785, 156.1028]
[107.6147, 129.868075, 159.03835]
[117.35455, 132.304725, 150.781525]
[122.5349, 123.872275, 125.757025]
[109.296, 110.6281, 115.7804]
[99.993375, 105.28205, 111.7307]
[96.53335, 97.6239, 100.79825]
[102.956325, 104.6872, 109.444425]
[107.2454, 108.0734, 113.970375]
[97.00535, 98.7452, 99.7238]
[105.3451, 105.5381, 106.1804]
[120.1447, 122.5531, 130.768475]
[121.872025, 125.570625, 134.586325]
[117.002725, 125.955175, 121.5152]
[114.4821, 120.45835, 112.852075]
[113.34815, 120.7654, 113.84075]
[115.1869, 120.67185, 112.1503]
[113.811225, 117.5876, 110.29915]
[111.221375, 114.76085, 106.688525]
[124.797375, 131.45555, 120.08875]
[135.175075, 141.666925, 131.38875]
[143.12075, 149.693425, 143.0143]
[133.9748, 140.2766, 132.524375]
[121.902075, 122.9801, 115.814075]
[120.97265, 123.3181, 114.512225]
[115.6563, 126.42315, 119.086775]
[116.810875, 123.80265, 114.040075]
[118.405575, 130.06155, 122.321425]
[102.4333, 111.796775, 102.322825]
[101.023575, 107.877925, 97.030925]
[118.889, 124.6898, 116.4749]
[126.900175, 134.473125, 126.713625]
[97.248225, 106.803375, 98.116375]
[109.99825, 119.4158, 111.23345]
[132.7695, 135.0764, 127.131025]
[143.984175, 149.81895, 143.87215]
[113.3768, 113.042625, 105.6165]
[132.450875, 134.88905, 127.8202]
[136.59835, 143.60345, 137.3011]
[141.830175, 149.36375, 141.955025]
[128.4616, 134.16045, 126.64075]
[118.93315, 125.1767, 117.097575]
[124.401925, 129.5534, 122.495025]
[89.20175, 98.1998, 115.7671]
[92.333275, 102.974525, 119.20995]
[78.8914, 85.04045, 72.23285]
[78.477825, 84.016875, 72.3498]
[133.23935, 140.2267, 150.006825]
[126.375575, 132.613275, 139.33995]
[135.12445, 132.843225, 131.52465]
[100.620275, 107.126425, 106.139125]
[105.301125, 120.38305, 139.047925]
[102.256725, 117.5583, 135.734325]
[97.164575, 115.410725, 136.242725]
[95.530375, 113.80775, 135.27085]
[84.65595, 104.1029, 125.802675]
[88.323925, 107.5345, 129.536825]
[130.474125, 143.806275, 161.58405]
[131.4871, 144.689125, 162.9849]
[113.955675, 130.332575, 148.36705]
[113.783525, 129.0933, 147.893025]
[134.52215, 159.3424, 154.077425]
[77.2149, 82.7215, 81.1242]
[34.94725, 26.3072, 11.7367]
[17.081175, 24.86805, 17.518625]
[35.00865, 29.318225, 13.33035]
[38.218675, 38.033225, 23.144725]
[45.329975, 49.753975, 39.897675]
[40.3953, 44.1739, 32.2625]
[108.6649, 110.57255, 107.07425]
[110.936975, 111.598575, 110.00335]
[94.49505, 94.3502, 88.5311]
[123.158625, 121.34825, 118.891275]
[115.977825, 112.29355, 109.4935]
[130.076275, 128.9022, 126.255025]
[136.354875, 134.896625, 134.66175]
[123.404425, 121.221975, 118.15705]
[127.910175, 127.3124, 124.196]
[109.54545, 109.93735, 104.534875]
[141.23565, 153.4458, 137.8925]
[103.557325, 99.984175, 86.7736]
[132.97325, 133.795775, 127.56055]
[132.4044, 128.738075, 124.17655]
[119.6649, 126.273, 107.745525]
[96.377625, 101.32685, 89.95505]
[105.29085, 112.026225, 91.122425]
[113.7877, 119.867125, 102.39475]
[121.8623, 124.1998, 111.996475]
[83.257025, 84.15175, 95.671075]
[90.48115, 93.875725, 105.889725]
[64.60805, 74.44125, 81.188]
[58.987775, 71.934, 75.1948]
[95.191, 108.016025, 120.61425]
[91.482, 96.55325, 93.4433]
[84.3656, 89.26835, 92.366875]
[83.759825, 88.916425, 93.3013]
[94.82875, 102.5174, 102.6783]
[58.8294, 76.36385, 51.8222]
[59.62835, 76.593475, 54.2474]
[58.16255, 76.439125, 51.45455]
[57.2711, 74.51915, 51.1616]
[63.30075, 80.751225, 56.5167]
[62.870575, 82.03175, 55.185525]
[69.7078, 88.10015, 67.1054]
[52.071725, 62.079125, 54.5977]
[64.560975, 71.195475, 67.15415]
[53.866075, 62.94045, 61.1149]
[49.591275, 55.6996, 37.888]
[48.348025, 56.9269, 38.7105]
[50.5361, 60.0885, 42.260125]
[48.87245, 57.9545, 39.9954]
[47.09875, 59.646825, 37.968975]
[50.206275, 64.0791, 43.306575]
[49.414175, 61.316125, 43.9384]
[49.387, 59.990375, 41.461125]
[50.928525, 63.636225, 41.787825]
[48.696375, 55.8679, 36.991025]
[78.61695, 84.3996, 76.803825]
[68.1457, 73.171675, 59.785075]
[62.461725, 61.727625, 50.64795]
[65.206975, 68.4678, 57.60385]
[49.6158, 54.5963, 39.705425]
[44.779075, 53.8395, 33.1113]
[76.2761, 90.908475, 62.22805]
[110.820375, 112.7045, 79.36425]
[99.843275, 93.637125, 59.98775]
[87.73325, 91.1752, 84.701275]
[88.513725, 92.604125, 86.62425]
[86.859025, 101.51555, 75.276675]
[90.623875, 102.68825, 86.458825]
[73.2887, 91.238475, 64.621475]
[61.4211, 78.81655, 55.47665]
[59.2654, 66.769175, 51.444]
[61.7202, 68.364925, 52.170525]
[60.8207, 66.96345, 50.0729]
[58.872125, 64.1324, 47.4963]
[64.35235, 75.16775, 57.471625]
[96.696375, 98.32245, 87.97315]
[63.403675, 70.800775, 50.33]
[62.8555, 69.457125, 49.424225]
[62.582475, 69.652125, 50.430225]
[63.559125, 66.476225, 49.2215]
[64.029525, 69.905275, 50.50925]
[51.952375, 52.281775, 41.219475]
[56.005275, 57.9176, 44.670225]
[55.89065, 59.58375, 44.607025]
[52.006975, 52.6458, 40.467175]
[54.963025, 59.214025, 44.1475]
[49.821425, 48.650075, 37.985875]
[57.12905, 60.71035, 45.574]
[52.45885, 55.305425, 41.782275]
[53.378375, 57.058575, 43.240675]
[59.2892, 66.71355, 48.77235]
[62.826, 72.0317, 51.9015]
[51.682225, 51.735925, 40.032325]
[51.4027, 51.4374, 40.80625]
[61.5297, 65.3698, 46.753275]
[57.51675, 60.543675, 43.54385]
[52.968125, 54.986925, 39.86485]
[49.831175, 50.46385, 39.8598]
[48.7772, 47.293125, 37.623575]
[57.248, 59.7447, 43.8193]
[52.494725, 54.60255, 36.965975]
[108.458, 123.45625, 116.990025]
[111.109125, 127.5125, 120.896725]
[103.626325, 118.090875, 111.4353]
[99.761975, 114.15825, 108.13825]
[97.26125, 113.215775, 104.6729]
[93.371075, 106.680525, 98.75265]
[93.4005, 108.027125, 99.17915]
[97.987475, 113.0715, 103.87415]
[104.9438, 121.53405, 120.898825]
[113.0301, 130.695525, 126.805225]
[113.007325, 131.964025, 128.24035]
[100.421225, 113.140625, 109.807875]
[88.3216, 98.819025, 94.553025]
[88.529025, 103.91735, 96.9472]
[94.727625, 112.02815, 102.4967]
[107.61455, 121.3865, 117.695225]
[95.996475, 108.6484, 101.3916]
[93.565925, 109.6995, 102.544575]
[96.5476, 108.208825, 101.0068]
[135.45745, 140.9862, 142.670725]
[118.145325, 126.940125, 128.935975]
[110.23465, 112.40565, 109.353975]
[139.4432, 140.525625, 141.367225]
[129.879225, 132.41895, 131.917325]
[149.88445, 154.995775, 153.8581]
[153.200325, 156.7834, 158.6348]
[132.38275, 130.288375, 125.665625]
[147.542725, 148.5591, 143.08835]
[170.827775, 172.817475, 173.643725]
[163.094025, 166.587025, 162.91345]
[118.1138, 122.6635, 118.556875]
[137.099875, 142.263375, 135.015]
[150.799125, 155.767275, 149.511525]
[152.604625, 156.700525, 154.169075]
[154.57595, 157.80385, 154.65]
[146.7842, 152.31525, 150.035475]
[137.583375, 143.3645, 137.9165]
[135.188025, 139.74755, 137.288125]
[128.807225, 134.5018, 131.33795]
[125.459725, 131.285825, 128.625525]
[124.23255, 126.4577, 123.3297]
[119.77695, 119.721425, 116.36805]
[130.034025, 155.269375, 156.03585]
[135.7844, 157.5643, 157.782475]
[126.384175, 146.63715, 145.6182]
[133.988225, 159.08275, 161.39595]
[110.29065, 135.0293, 134.360625]
[137.964, 158.418875, 162.101825]
[97.38805, 113.548125, 108.119925]
[106.707275, 126.865375, 126.529675]
[96.217, 113.6561, 111.305]
[114.87695, 131.916175, 125.919325]
[132.92955, 149.6018, 144.9549]
[107.155425, 125.414525, 120.7475]
[117.357575, 136.39025, 135.777025]
[141.390775, 157.585, 154.386475]
[97.362325, 110.20825, 127.140725]
[100.308325, 113.161125, 131.154225]
[108.370175, 121.573775, 136.288725]
[112.421375, 128.180775, 147.2573]
[103.645725, 117.939, 134.59735]
[98.764725, 113.90545, 131.61755]
[105.191025, 119.7177, 137.772425]
[96.869825, 111.346575, 128.319975]
[128.35245, 133.5931, 141.35575]
[135.82625, 137.5516, 144.8406]
[120.793475, 123.3334, 133.576725]
[127.05365, 116.79245, 128.563925]
[129.806625, 119.6845, 129.0567]
[125.035375, 115.530425, 124.26305]
[126.742275, 116.824825, 126.70385]
[152.802675, 161.085225, 155.25715]
[153.1789, 162.62265, 157.143725]
[144.080625, 156.13895, 149.0043]
[173.68645, 185.237125, 181.315225]
[164.850125, 169.585675, 165.63]
[160.106525, 165.932825, 161.173375]
[114.01515, 119.168925, 120.442575]
[107.08725, 112.19135, 112.853575]
[126.40605, 128.671425, 129.2709]
[127.931975, 128.026675, 130.01305]
[130.38235, 136.61355, 134.871125]
[117.93945, 126.661675, 130.07495]
[113.44435, 121.4347, 124.496975]
[117.15215, 127.953225, 132.0084]
[103.850475, 131.184775, 129.9641]
[123.5966, 128.568125, 123.7947]
[154.639225, 160.760225, 154.74765]
[137.73785, 145.965825, 143.754]
[176.1532, 178.12935, 175.00535]
[170.947875, 175.994525, 172.605975]
[170.606875, 174.90915, 170.0782]
[174.4092, 176.86705, 172.2374]
[102.2674, 109.846675, 121.148075]
[100.4178, 106.2153, 116.383575]
[103.141875, 107.186575, 116.497825]
[84.641625, 96.3336, 112.770475]
[92.04265, 102.84305, 117.212475]
[149.6833, 151.38315, 155.80985]
[125.5115, 126.60835, 137.103525]
[59.52595, 91.88455, 65.8918]
[55.665975, 86.67315, 61.678675]
[116.765625, 124.102825, 111.2112]
[114.21485, 125.267825, 111.561825]
[121.037175, 130.835725, 119.3483]
[110.308925, 116.613025, 105.1291]
[117.32325, 128.00795, 112.231925]
[114.62595, 127.84285, 110.07895]
[125.919025, 135.542275, 128.6937]
[126.164225, 138.2664, 125.3349]
[119.2656, 129.4723, 117.0052]
[126.770875, 137.788025, 126.3286]
[128.621025, 135.611375, 127.136075]
[131.555125, 138.262025, 133.645275]
[133.80195, 143.0648, 137.510675]
[130.4711, 134.750825, 132.7345]
[137.016975, 145.08235, 138.030875]
[135.22535, 144.261175, 139.247]
[128.4613, 137.049375, 129.519825]
[92.134925, 120.309725, 107.997575]
[93.04555, 119.9785, 109.59795]
[119.495125, 147.0628, 137.4574]
[119.3329, 141.423025, 136.8777]
[115.12945, 138.314625, 133.71135]
[99.156525, 120.7251, 112.4689]
[109.173675, 133.139875, 125.968575]
[111.628725, 127.35995, 132.2743]
[123.343975, 143.2496, 144.245325]
[134.2554, 152.2951, 158.85425]
[118.89835, 138.56015, 144.8836]
[130.085375, 151.968275, 153.58265]
[125.403675, 148.6665, 150.16055]
[136.297975, 154.08255, 159.573775]
[124.327, 144.2535, 148.852725]
[117.53575, 136.60755, 140.951275]
[134.444075, 154.8602, 158.328475]
[128.9129, 151.74275, 153.884275]
[137.78895, 155.00325, 161.06765]
[127.236675, 148.364925, 153.2205]
[131.44045, 153.115675, 154.848375]
[101.0492, 125.12785, 118.235875]
[118.248175, 141.1626, 140.217]
[114.02875, 133.102425, 136.68585]
[124.705925, 147.8895, 156.701675]
[128.943825, 153.395725, 157.3726]
[126.383825, 147.206175, 154.920375]
[116.585, 136.0839, 143.5407]
[129.918675, 154.7211, 162.9657]
[126.14665, 148.636975, 158.30475]
[121.29245, 146.983875, 152.897875]
[133.3402, 155.5059, 156.706]
[132.824475, 160.2641, 161.0544]
[132.038025, 155.11555, 161.28435]
[111.1856, 131.70025, 135.91615]
[107.64405, 123.758575, 130.19305]
[107.173175, 126.789875, 129.1497]
[105.194225, 123.036525, 126.911225]
[108.79245, 137.933375, 113.501775]
[103.519475, 135.7465, 109.82045]
[97.216175, 128.3178, 102.909825]
[107.103825, 139.45875, 113.2952]
[124.2246, 150.115, 131.85925]
[95.540925, 123.16335, 98.674325]
[91.31515, 123.8702, 95.798025]
[95.3247, 131.48185, 93.887475]
[99.092825, 125.442675, 103.69555]
[103.41115, 137.64205, 102.838325]
[99.684475, 136.348375, 98.34405]
[118.77345, 142.341825, 126.9252]
[107.667, 141.904775, 108.9472]
[130.399575, 156.4473, 139.02795]
[137.397875, 163.4811, 149.309275]
[131.786175, 158.360125, 143.338225]
[141.228475, 167.550025, 153.041475]
[124.6175, 148.15525, 134.80675]
[130.721675, 155.939775, 139.634475]
[121.569275, 146.417975, 131.149225]
[116.95675, 142.2829, 125.160225]
[131.58445, 157.207575, 141.62635]
[104.619025, 129.78225, 102.884525]
[98.867225, 123.396425, 99.220275]
[102.991425, 130.635425, 102.0883]
[121.63015, 147.21415, 127.451875]
[113.8918, 139.657225, 115.4623]
[109.924675, 138.4577, 112.3179]
[116.361375, 144.61475, 119.845925]
[108.113875, 135.9545, 111.18165]
[82.9854, 99.2424, 86.0308]
[85.303925, 98.089, 91.6249]
[91.58945, 105.5968, 95.505925]
[80.14525, 92.14905, 81.980625]
[85.14765, 100.599975, 94.061175]
[79.0028, 92.254125, 86.283225]
[86.971025, 100.5026, 90.5183]
[83.584525, 96.55755, 85.74165]
[80.268575, 91.40065, 84.322725]
[44.781125, 72.838525, 48.798225]
[43.355875, 69.053125, 46.856575]
[51.41185, 79.921375, 57.921025]
[51.9184, 82.1391, 58.4125]
[83.390275, 83.627975, 62.0968]
[110.441825, 110.38465, 98.260675]
[86.28255, 82.5017, 60.267625]
[93.546325, 89.04945, 65.162125]
[116.2655, 119.6161, 105.974675]
[107.437825, 112.987025, 90.68925]
[97.433875, 101.62625, 78.16855]
[114.746275, 118.014725, 99.33555]
[118.523775, 121.767275, 103.653825]
[97.6715, 103.19495, 78.09925]
[46.084225, 43.391875, 37.331525]
[100.94215, 104.671475, 79.05505]
[114.2793, 119.80435, 96.287775]
[115.782325, 121.5853, 98.267975]
[111.6536, 115.978825, 94.02755]
[107.38875, 113.959475, 91.63935]
[113.4418, 121.244325, 97.322225]
[108.2868, 114.371775, 90.173975]
[110.736425, 114.952325, 93.4263]
[101.87775, 107.51255, 83.270825]
[85.571375, 82.59015, 71.614675]
[81.041125, 80.92655, 74.197975]
[74.3392, 74.57535, 66.6689]
[63.517625, 63.299775, 54.2565]
[86.169725, 88.24715, 82.036275]
[73.3993, 73.93815, 65.98135]
[83.18955, 84.765475, 76.374025]
[108.60815, 118.14205, 90.146575]
[112.134325, 123.3569, 88.75475]
[119.360175, 129.274275, 107.611775]
[107.731225, 117.0895, 86.44455]
[103.829275, 112.4175, 88.144225]
[104.90705, 106.556, 88.973275]
[109.42165, 111.42515, 94.131325]
[96.0678, 93.184925, 86.1247]
[113.664475, 111.20905, 106.074375]
[116.6736, 113.903625, 104.867325]
[110.686575, 108.6582, 99.184575]
[123.087, 133.699625, 140.348025]
[122.8713, 132.027525, 137.3468]
[119.784325, 127.9804, 131.6951]
[125.23955, 131.19665, 134.992625]
[116.360225, 125.26155, 127.970925]
[114.756375, 116.072775, 117.776825]
[120.0456, 118.51985, 117.85875]
[116.423825, 113.398225, 109.99915]
[123.631675, 126.138475, 128.97185]
[124.4393, 126.445125, 128.83635]
[127.158175, 128.2732, 127.39115]
[129.525, 129.82845, 128.7576]
[133.729, 139.2972, 140.258725]
[140.77, 147.86695, 151.562875]
[129.509425, 134.05375, 133.5898]
[112.447225, 106.37995, 98.6329]
[108.4689, 107.00905, 103.650175]
[112.97845, 110.56055, 107.389825]
[125.2649, 121.0117, 118.152175]
[128.0907, 124.192825, 121.4955]
[117.575775, 114.046425, 108.4425]
[118.332275, 119.636675, 119.449275]
[114.87415, 117.7828, 118.7572]
[147.4516, 142.93925, 140.782175]
[115.145575, 111.174075, 108.732675]
[122.048525, 117.926525, 115.27745]
[126.380925, 120.9413, 117.40115]
[134.46105, 130.4304, 131.95265]
[146.95415, 146.629225, 152.58875]
[134.66655, 132.634025, 133.4152]
[126.526275, 123.215925, 122.076875]
[125.07875, 122.9333, 123.363425]
[121.0396, 119.159375, 118.019725]
[120.773775, 110.8185, 108.648525]
[121.194, 110.753825, 107.7936]
[120.9873, 110.2931, 107.509775]
[123.214725, 112.74345, 110.563225]
[123.5121, 113.240575, 112.6885]
[128.84105, 120.443025, 120.54825]
[130.04865, 121.277775, 121.42185]
[131.366525, 124.33665, 125.12845]
[128.686525, 120.503775, 120.192425]
[127.588625, 119.527175, 118.480675]
[127.9987, 120.98005, 120.620675]
[93.966625, 95.8057, 85.137525]
[93.474225, 94.1913, 82.75005]
[91.22565, 91.360525, 77.230925]
[99.177975, 97.21485, 86.80805]
[93.0108, 93.4907, 82.999075]
[86.695125, 89.694525, 76.810725]
[82.893075, 83.759725, 67.395625]
[83.453225, 86.68395, 68.33465]
[86.062975, 87.6886, 72.56015]
[94.948625, 97.1304, 84.5341]
[101.126675, 104.649475, 94.102225]
[100.19065, 103.963375, 94.14905]
[98.5823, 101.204125, 90.24015]
[96.201425, 97.707125, 85.73385]
[88.17985, 88.73815, 74.19665]
[81.027125, 81.2891, 64.2468]
[103.011775, 105.65445, 95.6952]
[95.035, 98.51495, 87.2882]
[117.452125, 134.80345, 129.680775]
[99.799575, 108.345425, 108.818]
[105.25155, 110.200075, 107.6916]
[96.157625, 105.7868, 100.11695]
[99.052175, 115.5846, 114.0572]
[102.531, 117.31465, 111.58285]
[84.98775, 99.98655, 95.9291]
[91.2486, 109.9577, 107.310525]
[81.1406, 93.617, 89.40265]
[89.397425, 102.070375, 96.55565]
[92.271025, 104.302775, 99.48145]
[105.00915, 114.73215, 105.54635]
[92.827225, 106.170675, 99.221175]
[112.6773, 119.56105, 107.028075]
[92.2528, 104.03155, 95.358725]
[101.17, 117.129, 111.950125]
[117.8306, 123.744275, 126.70125]
[142.9876, 145.076125, 148.212475]
[148.973225, 154.884075, 156.622325]
[140.915125, 144.74545, 146.821675]
[120.381525, 125.8429, 126.689475]
[97.962075, 102.653025, 102.947125]
[125.0164, 131.899125, 132.94325]
[130.25575, 137.972675, 134.70195]
[121.974675, 126.428275, 122.803525]
[148.71865, 157.13405, 156.71545]
[139.488525, 140.47305, 141.40905]
[120.638725, 120.11575, 116.998325]
[119.8571, 117.831475, 115.2607]
[119.648025, 120.050325, 116.1469]
[127.190975, 127.4559, 123.8923]
[121.139725, 122.645875, 119.00315]
[132.1561, 129.415775, 129.353775]
[141.862925, 143.350325, 144.92545]
[107.409775, 128.182975, 128.029925]
[97.695175, 115.730375, 112.336525]
[112.27005, 130.4763, 127.661525]
[106.754875, 123.886525, 121.1667]
[93.6909, 110.2289, 107.847375]
[112.226125, 129.060175, 126.7474]
[102.58885, 122.387775, 121.6885]
[125.5488, 146.1124, 149.928775]
[118.632475, 141.40185, 148.022725]
[104.7222, 125.5126, 123.545575]
[107.632375, 132.824775, 129.24235]
[103.7557, 123.35675, 121.20255]
[83.0179, 115.312975, 112.59625]
[90.955725, 104.381825, 121.667175]
[108.189425, 121.178325, 137.789575]
[130.2021, 130.7267, 137.64825]
[94.892475, 109.847325, 127.417325]
[98.023825, 115.714675, 133.430925]
[89.18635, 103.172175, 116.132125]
[82.716625, 93.517125, 108.21885]
[101.799025, 118.060625, 135.0538]
[84.4127, 99.49095, 115.7549]
[105.408075, 105.14695, 111.2822]
[119.9639, 124.277575, 129.104925]
[132.509575, 133.7006, 141.90235]
[121.25005, 135.55845, 135.388975]
[125.90775, 139.9438, 127.673675]
[127.138925, 140.418025, 129.861175]
[148.331775, 156.238, 147.305925]
[162.96245, 168.1313, 163.825325]
[159.011775, 163.49925, 158.19935]
[141.755175, 143.3598, 136.444425]
[131.34625, 133.403075, 128.0147]
[143.393625, 150.1957, 143.2558]
[144.44765, 151.129, 146.1989]
[137.541775, 145.629025, 138.42005]
[141.4954, 136.5749, 140.1993]
[135.664125, 129.229225, 134.70105]
[112.17015, 112.127825, 117.180525]
[109.147175, 108.90725, 114.705375]
[122.7879, 122.14255, 127.90085]
[139.4869, 135.223075, 138.3602]
[74.8534, 100.8539, 83.899325]
[76.04445, 93.953075, 82.757375]
[90.62575, 110.870625, 104.4905]
[79.587325, 81.96715, 75.854625]
[102.05985, 109.211325, 103.2158]
[96.835975, 103.02135, 95.3112]
[81.827025, 83.631125, 76.671775]
[126.643275, 134.19355, 126.84705]
[117.080975, 125.4475, 126.95775]
[126.91565, 124.7478, 122.8951]
[87.9527, 105.083025, 124.7778]
[89.71265, 101.835, 116.89495]
[107.633525, 121.85145, 138.78]
[93.29015, 105.754925, 122.23425]
[120.838525, 128.7996, 140.357325]
[120.38475, 122.116675, 132.014275]
[113.96635, 124.9189, 138.844675]
[97.61165, 113.049725, 128.882625]
[119.190525, 119.7518, 123.593875]
[124.77555, 130.068825, 139.5716]
[116.025725, 115.817375, 128.1623]
[112.691225, 116.0222, 125.63625]
[126.60805, 129.083225, 137.5525]
[122.26255, 122.702325, 131.006675]
[128.48885, 128.6933, 128.731225]
[129.186725, 130.1254, 129.98325]
[135.1546, 137.7511, 136.653975]
[129.332925, 131.943, 133.359725]
[122.107425, 127.96055, 127.8565]
[126.7805, 134.1397, 135.3535]
[135.703875, 144.994325, 147.0128]
[122.06095, 129.921525, 126.14285]
[110.863, 117.193325, 112.44165]
[112.413675, 121.7851, 115.227575]
[115.893475, 121.1772, 114.0074]
[142.857225, 149.916325, 145.131525]
[133.07625, 138.36565, 133.463725]
[106.06775, 114.172125, 104.472975]
[114.1765, 122.59545, 115.9264]
[127.206425, 133.65635, 128.860075]
[122.68445, 132.420925, 129.13715]
[122.440175, 129.977525, 126.447625]
[124.17, 125.91795, 117.186875]
[114.66325, 126.57795, 117.103675]
[145.3542, 151.453475, 147.5318]
[116.61495, 123.30535, 113.468625]
[120.45135, 128.369525, 123.90855]
[112.4285, 120.4872, 115.552325]
[101.148125, 107.1975, 91.93355]
[108.995625, 117.45125, 105.930175]
[120.5784, 124.885, 117.611925]
[128.5777, 135.04365, 131.611225]
[131.04255, 150.02325, 150.1497]
[123.917775, 144.387525, 149.836875]
[111.3151, 135.858975, 136.531575]
[124.4536, 145.52355, 146.866075]
[126.532125, 143.029675, 139.827025]
[110.7121, 128.1556, 122.231525]
[108.0408, 130.045525, 129.6229]
[104.02295, 121.5319, 122.596675]
[121.28315, 140.2239, 160.2341]
[104.322725, 122.510225, 140.2155]
[126.30935, 145.934975, 163.639675]
[127.876175, 150.064875, 169.627775]
[107.99875, 125.936625, 143.69145]
[110.61335, 129.624225, 149.2496]
[104.37855, 123.2741, 142.217675]
[106.325975, 127.747525, 146.5648]
[104.5512, 128.255325, 148.3729]
[114.8844, 134.971125, 153.708375]
[114.485025, 133.9382, 153.747325]
[123.666275, 142.77635, 159.88765]
[109.33895, 126.6164, 144.376475]
[110.578025, 127.98505, 147.4567]
[119.50365, 136.792975, 155.36695]
[126.948375, 143.277975, 159.520375]
[117.98745, 134.00345, 149.922075]
[116.527425, 133.927275, 150.8048]
[118.7926, 136.31535, 152.288]
[114.996025, 135.456775, 153.784075]
[119.5456, 129.41475, 140.02635]
[109.373225, 118.151875, 128.27855]
[125.1548, 134.3327, 142.400175]
[98.879525, 104.291825, 106.65475]
[105.4481, 111.881125, 116.17135]
[104.3564, 112.2472, 117.06885]
[114.3447, 118.430125, 122.1056]
[98.062475, 103.900375, 106.12125]
[121.62385, 122.73535, 128.03825]
[115.664925, 117.1838, 120.9772]
[108.3628, 113.571025, 118.65175]
[108.023575, 113.391075, 120.199475]
[107.2487, 112.884625, 116.296]
[101.980825, 116.135425, 111.552875]
[97.849175, 109.12705, 103.64605]
[102.93405, 117.89535, 112.0]
[109.046325, 122.50625, 115.3356]
[102.062225, 116.343575, 106.4365]
[111.3583, 126.207625, 120.506875]
[112.03925, 126.873375, 122.072675]
[119.053, 130.60985, 120.708575]
[112.59105, 127.4817, 113.118]
[111.401075, 126.7174, 112.241025]
[111.4228, 127.052575, 115.108575]
[97.73565, 116.30235, 92.38825]
[114.81995, 126.107, 115.6936]
[106.81325, 118.252475, 106.995775]
[109.990625, 122.326475, 112.636475]
[106.82445, 110.95005, 100.269025]
[121.732375, 127.432625, 119.3905]
[87.979525, 95.454925, 79.454825]
[97.29135, 104.76905, 92.8347]
[88.1258, 92.6056, 90.5374]
[88.715375, 91.72035, 87.48475]
[92.39905, 97.7448, 96.337175]
[93.688575, 99.394675, 102.395525]
[106.99335, 116.31625, 118.178175]
[132.885775, 130.624325, 124.00425]
[97.12525, 103.757575, 95.53745]
[112.912575, 118.991075, 128.470175]
[106.5613, 113.4648, 120.345175]
[107.2485, 124.38355, 140.799175]
[115.671775, 112.27865, 114.989825]
[123.532375, 121.2602, 123.935875]
[126.5145, 131.631975, 126.20655]
[110.76865, 114.976825, 110.96915]
[108.48195, 125.487075, 140.6593]
[114.7451, 130.364625, 144.654375]
[120.732425, 138.188975, 154.18345]
[106.36355, 124.927575, 142.3846]
[108.08345, 125.78685, 143.12135]
[106.042825, 125.07405, 142.759325]
[103.2809, 123.323775, 141.49585]
[93.670325, 113.7148, 129.880425]
[141.249825, 154.022975, 167.911225]
[135.29485, 150.5078, 165.076]
[122.88355, 140.660375, 155.63675]
[130.67235, 146.0971, 159.95165]
[125.675275, 141.77645, 156.805325]
[94.919175, 111.80715, 127.934575]
[106.584725, 122.33075, 137.59675]
[127.26345, 126.7953, 131.43245]
[126.4997, 129.1875, 131.2584]
[121.19095, 121.349125, 122.300425]
[136.1396, 137.022975, 138.51545]
[125.499075, 126.8989, 129.2845]
[119.901025, 120.913575, 122.669025]
[130.083925, 131.707325, 132.07005]
[124.212575, 121.968825, 121.1794]
[163.933, 169.457575, 163.01735]
[148.144125, 153.175925, 145.460225]
[141.23345, 136.204625, 137.62855]
[145.474825, 141.787825, 141.81275]
[151.623975, 148.6102, 148.686875]
[113.88405, 108.7691, 109.76235]
[102.480875, 98.900325, 99.583925]
[117.01185, 112.23285, 114.53185]
[117.117875, 112.91125, 114.823875]
[108.614625, 106.50345, 106.358225]
[117.7053, 114.52745, 117.14315]
[123.610575, 117.66055, 118.434475]
[117.6565, 111.07925, 113.55115]
[148.481575, 142.0256, 143.78735]
[147.26325, 142.39645, 142.7646]
[131.66485, 125.6512, 125.54725]
[124.146125, 120.0919, 120.53015]
[142.19575, 137.884475, 137.461375]
[129.5004, 125.260625, 124.993825]
[133.239975, 128.130575, 129.92005]
[140.996575, 135.7126, 136.938825]
[142.87175, 137.58455, 138.467725]
[133.09995, 128.60775, 129.047225]
[137.49645, 126.915575, 123.4989]
[141.16825, 129.696525, 125.81585]
[134.491175, 124.603, 121.7482]
[131.032025, 119.0671, 115.505525]
[125.737225, 116.283075, 113.420025]
[134.029325, 124.292025, 120.83275]
[135.383275, 126.851675, 124.26765]
[129.0746, 120.446225, 117.295825]
[111.93575, 104.173725, 102.4202]
[116.0056, 108.000625, 107.284675]
[116.76865, 106.468725, 104.095375]
[113.788425, 104.360675, 102.0358]
[109.556025, 99.6674, 96.429375]
[136.68585, 125.0113, 119.380125]
[138.4103, 125.27975, 121.1617]
[128.675425, 118.46325, 111.991425]
[131.77965, 119.89025, 113.559075]
[135.87385, 126.0783, 120.31975]
[122.38835, 113.745475, 106.9476]
[122.865375, 114.114175, 106.972725]
[123.4611, 112.980075, 107.63825]
[116.00635, 108.22265, 104.24855]
[123.934825, 114.180325, 109.157325]
[122.2614, 129.418525, 126.7686]
[127.6903, 134.43075, 133.97325]
[122.96115, 131.033475, 130.92165]
[121.205475, 126.9608, 127.173025]
[100.7241, 105.9211, 108.68625]
[101.53415, 106.22515, 109.861825]
[137.335925, 142.3049, 143.451525]
[76.6408, 77.7352, 70.448975]
[82.529125, 83.359525, 75.749275]
[114.710025, 114.451575, 107.0873]
[108.0582, 107.692675, 99.9638]
[126.99835, 131.72355, 124.02645]
[137.9324, 141.535025, 134.4498]
[126.37, 131.3448, 124.274675]
[130.287825, 134.094825, 128.851425]
[121.0484, 126.212925, 121.5446]
[125.2247, 131.69305, 127.060025]
[119.249475, 123.90175, 119.1055]
[114.087925, 118.90865, 114.159]
[121.219175, 125.043175, 117.6486]
[129.824475, 134.527025, 129.076875]
[126.336825, 129.6529, 122.79925]
[139.327225, 143.1874, 137.170775]
[132.9151, 137.296, 128.338925]
[128.053125, 133.24295, 123.6233]
[131.47875, 136.205625, 127.5148]
[133.6187, 139.050375, 130.35215]
[130.938675, 136.921875, 127.201725]
[119.738875, 127.966475, 116.384375]
[90.7784, 105.56155, 97.46455]
[101.472925, 114.408875, 105.997275]
[96.197675, 112.92025, 110.325675]
[92.7622, 112.726675, 110.060775]
[100.27975, 119.3605, 119.4596]
[121.683, 134.2309, 130.028775]
[110.8019, 136.041825, 139.3221]
[130.0918, 144.64385, 138.176775]
[116.5385, 129.3522, 122.763775]
[114.6479, 130.131375, 120.81005]
[175.1575, 174.280225, 174.93575]
[104.945025, 119.6344, 113.868]
[134.3418, 134.197625, 140.176175]
[133.091725, 148.8137, 148.3705]
[132.42985, 148.3952, 147.5471]
[144.504275, 151.716375, 148.060625]
[157.70025, 170.9903, 167.0445]
[165.782775, 178.278, 174.83875]
[153.660225, 167.83555, 163.234775]
[149.24595, 161.73725, 156.959925]
[168.19505, 174.6061, 173.173625]
[175.43485, 183.260625, 180.469175]
[120.498325, 121.302975, 123.02095]
[115.00605, 116.87635, 119.3712]
[77.825525, 95.0948, 89.22525]
[80.448125, 97.748725, 94.138]
[113.679275, 117.933175, 114.1648]
[118.66225, 126.939875, 121.74745]
[121.0822, 128.8316, 142.582875]
[108.202775, 120.896625, 135.946325]
[132.167825, 131.245925, 137.644775]
[119.52575, 122.057675, 128.865925]
[108.28295, 110.00485, 117.117075]
[80.02855, 83.16645, 78.735825]
[80.26555, 83.95515, 79.2703]
[86.79425, 89.73905, 88.513725]
[87.46475, 94.538475, 94.311275]
[99.41715, 109.07555, 108.541875]
[100.4858, 109.1032, 109.997725]
[75.326225, 82.44255, 78.9496]
[75.76495, 83.04225, 78.3916]
[139.05635, 140.2528, 139.589875]
[122.01905, 126.791825, 117.473225]
[133.1107, 137.567825, 130.566525]
[127.716, 132.715875, 125.742375]
[149.06915, 149.373875, 151.8193]
[155.761225, 158.51075, 160.61745]
[141.399625, 146.809525, 138.99525]
[144.050875, 143.9653, 145.58095]
[94.940675, 100.9697, 99.86035]
[83.624275, 91.3264, 90.523525]
[121.603775, 125.3408, 125.921325]
[115.88605, 119.203775, 118.58775]
[132.469, 139.235675, 141.95055]
[138.05375, 137.18695, 141.8932]
[82.061825, 87.8475, 88.169925]
[74.9845, 80.50355, 80.382975]
[77.596975, 83.12985, 82.985825]
[85.5011, 93.64405, 94.976225]
[74.732325, 81.55715, 81.7878]
[71.09355, 77.541675, 74.630375]
[71.165, 77.93215, 75.5883]
[139.673625, 137.52195, 140.907]
[87.677125, 93.367975, 92.628425]
[120.5561, 123.14575, 122.376625]
[129.72585, 132.1934, 133.818825]
[122.807625, 124.3758, 128.2408]
[118.11905, 121.773825, 127.159175]
[120.057, 121.7196, 125.145475]
[145.29425, 147.203525, 148.98055]
[119.963275, 124.41975, 129.39385]
[126.779225, 132.179125, 136.1116]
[130.99195, 126.96445, 131.331975]
[143.127575, 140.600475, 145.257625]
[171.339675, 172.547775, 175.5594]
[142.60425, 142.56485, 141.782225]
[144.238125, 147.802225, 148.1766]
[133.9008, 135.9129, 133.5255]
[117.255725, 123.398525, 128.079175]
[121.929575, 129.448, 132.65565]
[164.278075, 162.98735, 161.6339]
[138.54135, 138.4815, 139.06075]
[130.118425, 129.74015, 129.9503]
[162.831025, 160.59535, 161.873625]
[114.76495, 110.6333, 109.338575]
[118.1089, 115.146575, 114.3743]
[114.3128, 113.4918, 115.349275]
[128.23535, 116.797975, 118.8005]
[105.73725, 107.8059, 102.616875]
[102.4504, 99.150425, 94.40285]
[153.943975, 153.768775, 154.1006]
[128.89155, 129.37325, 129.463375]
[121.106925, 118.899975, 117.947925]
[146.872375, 148.09855, 152.274975]
[141.56635, 139.2839, 142.041775]
[141.144775, 140.2762, 144.889]
[125.607825, 123.961725, 126.764575]
[131.925125, 127.668675, 129.1476]
[136.1644, 134.988875, 141.3242]
[132.077075, 127.96575, 134.050325]
[102.97225, 120.34125, 121.29585]
[90.6552, 93.5044, 92.291725]
[87.16305, 90.378675, 90.794675]
[108.029325, 120.241075, 119.2361]
[98.083875, 107.0063, 102.8953]
[94.947975, 107.0245, 105.760125]
[93.18835, 106.70945, 105.1456]
[89.71655, 100.690175, 98.217325]
[86.515475, 91.83075, 88.985925]
[88.2267, 96.251175, 93.74935]
[89.828425, 104.06135, 107.446575]
[83.209625, 92.963325, 92.738175]
[79.4078, 86.399125, 84.7894]
[83.137475, 90.407525, 83.675775]
[76.5211, 87.6128, 86.785725]
[80.682025, 88.815825, 90.39865]
[84.71635, 92.093725, 84.8735]
[107.560875, 116.019875, 113.635325]
[111.68765, 124.73855, 123.980125]
[153.6461, 148.50875, 149.221925]
[130.305575, 135.581275, 136.361375]
[117.168125, 119.76665, 120.9728]
[107.701975, 115.948975, 120.368575]
[111.163775, 118.3109, 121.9291]
[131.4926, 137.173475, 138.567925]
[141.641, 149.355525, 146.2819]
[143.968425, 140.6572, 140.0565]
[124.367275, 126.37135, 128.61795]
[134.709175, 138.655825, 140.868225]
[107.85705, 107.412975, 107.6806]
[96.678225, 95.3373, 95.463425]
[113.3972, 119.5024, 119.5036]
[130.088575, 139.90525, 141.92515]
[128.529375, 128.387125, 126.5618]
[117.823125, 117.443375, 116.299275]
[123.61115, 120.024125, 118.46005]
[143.588875, 149.90365, 151.2494]
[154.02525, 159.9117, 160.436225]
[131.984725, 132.26255, 134.286375]
[107.8416, 105.172975, 101.5134]
[138.498075, 142.47785, 140.653925]
[135.9185, 138.33855, 136.51355]
[112.61275, 100.40565, 95.041075]
[124.376375, 115.380775, 111.724075]
[119.929425, 109.761525, 104.924475]
[119.5707, 116.3332, 114.157175]
[119.29175, 115.5494, 113.2001]
[121.2515, 119.996375, 120.605025]
[135.9304, 140.504775, 144.671725]
[131.598125, 134.27355, 132.805075]
[100.345525, 100.9529, 102.692725]
[112.88695, 113.4374, 116.83755]
[109.33885, 108.447275, 102.3479]
[126.919575, 123.78835, 122.566575]
[135.39345, 140.5605, 141.410375]
[143.769725, 145.8965, 145.707575]
[131.93505, 132.204175, 132.318175]
[146.77025, 142.633875, 142.93735]
[109.502475, 98.29425, 96.601475]
[101.463825, 88.794125, 89.261475]
[136.154975, 136.56425, 138.948575]
[129.5957, 128.110175, 128.904325]
[115.532875, 114.68555, 114.940775]
[124.685175, 124.69055, 121.2497]
[147.05565, 145.9939, 143.7056]
[120.503775, 119.548275, 118.389075]
[143.39525, 151.883975, 156.0535]
[133.0331, 133.572825, 137.7211]
[88.55945, 102.442025, 101.703025]
[78.4298, 97.472675, 93.56005]
[124.5777, 138.121325, 133.362325]
[106.57435, 120.20145, 122.183625]
[103.6539, 117.04175, 116.525975]
[107.6339, 118.614275, 118.28795]
[95.269975, 105.77155, 107.8891]
[110.12945, 120.3929, 121.342425]
[74.058775, 92.4619, 84.5585]
[130.58275, 145.258325, 146.43235]
[135.8053, 148.210425, 154.979525]
[112.64305, 126.576875, 126.65145]
[131.2011, 140.118975, 134.0735]
[130.416375, 140.7208, 135.690225]
[124.4604, 120.004975, 121.33715]
[131.85135, 122.521775, 127.8098]
[123.0576, 133.83925, 129.6197]
[86.9979, 94.608475, 92.112675]
[86.58105, 93.6892, 91.22775]
[94.804575, 112.9827, 110.86505]
[69.223875, 78.15985, 70.67145]
[105.631525, 117.447975, 132.29035]
[105.82085, 117.2175, 132.31485]
[79.708925, 93.5787, 109.078025]
[96.271275, 109.144325, 125.405525]
[99.681925, 112.6165, 129.9971]
[103.696725, 116.1556, 132.94735]
[101.828475, 114.216325, 131.132825]
[117.37825, 130.6656, 147.58705]
[169.023275, 168.1511, 161.57975]
[89.784025, 92.588825, 88.29]
[171.30155, 168.477525, 167.57765]
[124.601075, 127.087025, 124.086925]
[120.499425, 120.0228, 115.5319]
[117.897075, 117.4572, 115.33965]
[116.630825, 117.784175, 111.97615]
[126.50445, 127.605725, 125.3378]
[111.446225, 116.847775, 118.5442]
[111.231425, 120.398475, 118.499575]
[127.184225, 135.332925, 131.584675]
[127.021075, 130.3753, 129.3001]
[130.45105, 136.879225, 132.88015]
[113.99105, 121.6479, 115.69565]
[138.826125, 150.91155, 138.759925]
[127.032975, 126.862725, 123.785425]
[134.822325, 137.2743, 132.504775]
[139.575, 141.886725, 138.996225]
[126.9257, 128.162175, 123.6744]
[123.337375, 127.2598, 118.741675]
[135.690125, 141.3459, 137.228625]
[125.026075, 131.0859, 122.43135]
[122.067025, 126.754225, 119.46005]
[136.9158, 143.97365, 142.291725]
[128.5151, 133.037425, 130.03885]
[82.891175, 88.270275, 75.242025]
[81.0572, 87.591075, 79.039175]
[115.847025, 119.60505, 110.8346]
[104.260775, 106.970175, 96.664775]
[120.00285, 126.647525, 119.14915]
[126.353675, 131.674575, 128.84865]
[128.154525, 134.563925, 129.952225]
[109.73885, 118.98985, 132.661925]
[111.531275, 122.379325, 138.10515]
[98.8666, 109.262575, 123.081125]
[104.902475, 116.83865, 129.01605]
[101.715025, 113.864725, 127.114775]
[89.4263, 107.0849, 93.9156]
[78.5513, 97.51945, 84.715125]
[78.028375, 94.55405, 80.294475]
[89.324925, 110.854525, 96.24945]
[93.06415, 114.67505, 101.588075]
[82.479825, 100.365625, 85.6142]
[104.792775, 125.905375, 113.948]
[100.06885, 120.331775, 110.0685]
[96.10885, 114.869725, 101.3661]
[79.95345, 97.519975, 82.26645]
[80.6626, 99.027725, 84.3293]
[86.267825, 110.881325, 96.853375]
[99.817625, 121.014975, 109.7546]
[112.908875, 132.003625, 120.169225]
[121.512675, 138.849675, 128.395925]
[106.90565, 124.092075, 111.8221]
[102.826375, 120.031525, 107.614575]
[108.9137, 126.367625, 114.1583]
[107.1343, 127.268025, 113.108625]
[65.18145, 74.043975, 63.536175]
[58.39575, 66.33905, 58.633525]
[53.274725, 59.084325, 53.3907]
[68.5856, 75.8356, 70.746325]
[65.4489, 70.072775, 64.06575]
[65.18485, 70.1527, 60.362825]
[73.121175, 79.537775, 72.529525]
[73.6026, 79.5422, 74.86335]
[67.149325, 74.423, 68.246325]
[59.93435, 67.2089, 62.006675]
[80.939725, 87.407375, 82.20685]
[72.024825, 80.25645, 76.176525]
[68.258, 76.79705, 70.5763]
[87.561075, 98.51165, 96.34465]
[91.11785, 102.00715, 99.861125]
[106.771425, 108.584325, 121.77465]
[106.5883, 107.09015, 120.431325]
[117.979475, 120.492775, 135.76035]
[120.453725, 121.699625, 133.652975]
[102.268875, 102.866825, 112.899475]
[105.07325, 102.058725, 107.728825]
[124.0132, 120.978775, 126.321875]
[116.954225, 115.200625, 124.281425]
[101.0841, 97.3779, 101.783175]
[67.412975, 85.67725, 100.362875]
[66.5146, 87.8876, 104.003975]
[89.254925, 107.505225, 124.35425]
[89.4212, 106.953375, 123.392175]
[84.744075, 103.771825, 121.185875]
[126.1916, 131.917425, 136.449025]
[122.4543, 108.117575, 114.0339]
[55.69255, 59.386125, 50.17625]
[56.634475, 61.13815, 51.3635]
[61.8778, 70.66545, 61.60665]
[58.31995, 65.4277, 59.0265]
[56.06355, 61.09585, 54.07355]
[55.06985, 60.182725, 51.9393]
[56.843775, 63.099425, 54.076375]
[62.189375, 68.441925, 57.6697]
[63.17455, 68.876175, 58.191725]
[73.801375, 81.891975, 70.86175]
[79.750425, 88.033875, 77.642075]
[67.835525, 75.4648, 64.446225]
[64.401075, 70.39855, 60.996975]
[63.591425, 69.06445, 59.065925]
[61.753575, 67.235475, 56.599175]
[60.7524, 66.50505, 56.333375]
[86.417425, 97.2281, 87.448775]
[163.260275, 171.766925, 160.545225]
[109.821925, 123.38365, 118.48565]
[100.0593, 115.3265, 107.35915]
[115.776475, 128.413075, 117.44805]
[78.948675, 87.32305, 80.848]
[87.630925, 98.351125, 85.41715]
[79.211525, 88.44865, 83.121225]
[76.783, 88.045975, 80.87305]
[78.280775, 90.434125, 83.28325]
[78.287525, 90.72315, 88.910675]
[78.351775, 93.4605, 79.64445]
[74.17515, 88.172775, 74.349975]
[73.4925, 85.48025, 79.655075]
[77.425475, 91.397225, 75.57365]
[73.041425, 88.384625, 72.535325]
[90.805725, 101.80845, 94.75735]
[76.90405, 91.13355, 85.88135]
[101.622775, 116.910975, 110.9511]
[79.541425, 96.43025, 91.91715]
[188.891625, 198.2991, 203.047625]
[142.33225, 154.3477, 159.232]
[133.033175, 131.02395, 132.098125]
[109.5774, 107.92745, 106.9153]
[95.5517, 92.20235, 90.972925]
[128.15515, 136.75655, 140.9716]
[153.47445, 162.924425, 165.5009]
[144.97285, 154.7977, 157.5029]
[133.622075, 139.810475, 140.9876]
[119.493525, 128.218875, 131.8557]
[87.84315, 86.342825, 85.59865]
[86.9973, 83.534875, 83.491575]
[82.01435, 76.9526, 74.6511]
[139.2325, 151.43, 154.87955]
[123.501275, 134.674475, 135.08065]
[123.0516, 132.193775, 132.19395]
[141.24275, 153.357975, 157.62965]
[87.4202, 81.3636, 80.254375]
[134.236225, 144.318925, 147.2763]
[138.412925, 147.836675, 150.707975]
[121.132375, 128.619525, 129.18305]
[133.74395, 139.593075, 140.050975]
[130.723925, 138.9045, 138.691275]
[148.529325, 156.8112, 157.653875]
[161.532075, 168.24305, 169.3815]
[150.6891, 160.62305, 163.786575]
[144.2018, 151.399875, 153.531725]
[133.915825, 141.6306, 143.015875]
[145.201225, 151.705975, 153.014425]
[169.38995, 179.58535, 181.345575]
[109.5182, 109.493675, 106.60195]
[103.244425, 115.3335, 115.1649]
[99.8579, 115.0291, 113.240625]
[112.84455, 134.4556, 136.022725]
[116.118175, 129.8893, 130.178175]
[110.491175, 124.9308, 126.447025]
[130.921875, 150.1065, 145.04925]
[110.63755, 126.808525, 124.8666]
[115.527475, 135.39405, 129.035275]
[117.17425, 128.46915, 125.757475]
[86.763675, 107.776475, 106.43245]
[141.37795, 150.39265, 155.235325]
[87.1401, 103.630575, 101.709875]
[79.571175, 107.0415, 104.5454]
[96.04105, 121.41005, 124.637375]
[106.3277, 119.1101, 133.009025]
[130.93395, 145.527925, 161.5951]
[114.851575, 128.030325, 143.248075]
[121.031925, 136.129175, 152.23935]
[103.58065, 111.788375, 123.383725]
[101.806825, 110.486525, 121.931125]
[97.3967, 111.15885, 127.9401]
[107.2874, 122.5682, 139.5256]
[95.6578, 109.7835, 126.129175]
[99.334825, 113.415225, 129.70445]
[95.549375, 107.404725, 122.24585]
[106.404525, 119.306375, 135.28525]
[96.184975, 107.99065, 124.3463]
[97.5487, 110.677825, 127.5429]
[117.3489, 129.019625, 140.59285]
[115.2581, 127.76545, 141.260025]
[106.10865, 117.785225, 132.113725]
[83.977075, 97.263975, 113.733725]
[76.7074, 89.88635, 105.81415]
[110.81655, 125.806375, 141.381425]
[112.451025, 127.474875, 144.960025]
[118.553825, 134.303975, 151.61035]
[119.651775, 132.35675, 148.083225]
[93.3141, 105.64525, 120.963225]
[85.36195, 97.85885, 112.202475]
[84.6496, 97.40345, 111.18]
[86.9753, 101.546325, 115.554475]
[148.569575, 153.568125, 149.783575]
[145.318475, 142.751025, 141.5711]
[143.380325, 143.5411, 141.32035]
[140.327775, 139.6739, 135.888425]
[135.7756, 136.146475, 132.67865]
[146.08055, 145.778625, 142.9891]
[135.39955, 134.467925, 131.88005]
[128.4787, 127.07315, 121.078975]
[131.6408, 139.9044, 136.79415]
[130.115475, 139.0368, 139.0852]
[119.491025, 125.308025, 125.36565]
[127.2463, 132.411, 129.999225]
[140.192925, 148.567025, 150.940775]
[132.4479, 135.2694, 134.987575]
[124.814325, 127.273325, 128.971275]
[133.775875, 138.368725, 135.506]
[144.848575, 153.402575, 154.0122]
[119.6479, 125.08975, 122.84245]
[136.6806, 140.75555, 138.10135]
[143.941475, 149.710125, 154.0102]
[137.305525, 155.104725, 174.28635]
[133.046075, 150.499775, 167.82]
[119.978825, 138.8174, 156.026825]
[133.517975, 153.04025, 173.04275]
[107.758475, 123.091025, 121.360525]
[118.246075, 130.89335, 138.798925]
[103.171675, 120.80205, 119.78555]
[110.460325, 122.241175, 129.11985]
[107.4554, 118.513175, 127.271975]
[107.170325, 119.207275, 124.581375]
[115.17245, 123.183825, 133.55445]
[116.708925, 126.367625, 135.98425]
[126.069775, 137.387725, 147.939125]
[119.71505, 134.5301, 141.0684]
[86.3815, 97.631425, 105.2536]
[84.819725, 96.418, 106.536275]
[102.95295, 119.98625, 121.1528]
[112.280525, 120.1021, 130.29455]
[106.901825, 115.288525, 123.7339]
[126.679925, 134.513825, 146.156725]
[106.372875, 118.221875, 123.660725]
[117.022825, 129.56945, 137.3628]
[115.255275, 125.892325, 133.335425]
[105.048425, 116.94015, 121.041675]
[135.0201, 144.90245, 154.051725]
[112.490025, 120.14115, 130.396775]
[112.58135, 123.072425, 135.58325]
[115.826825, 124.718475, 139.262]
[111.10555, 121.27135, 133.530375]
[107.59745, 119.3353, 130.89245]
[118.566725, 129.509325, 139.16835]
[139.729675, 154.337775, 157.06995]
[101.8782, 125.534075, 97.672675]
[84.9756, 115.436675, 79.369175]
[88.936625, 115.2545, 91.8714]
[98.3655, 125.76035, 105.58635]
[111.0603, 131.123425, 125.29895]
[125.170975, 143.12835, 139.548025]
[88.059375, 114.807325, 94.223175]
[90.041275, 120.2497, 93.11955]
[118.9891, 139.826, 129.708175]
[115.4331, 133.40915, 126.896575]
[103.522225, 125.57555, 108.109475]
[121.07215, 140.96445, 132.31615]
[103.6359, 118.53905, 109.461675]
[103.12385, 121.679725, 104.491375]
[97.32685, 124.0555, 100.17725]
[99.3663, 127.0175, 100.203875]
[98.782425, 128.33975, 104.145225]
[90.78115, 107.8836, 89.57275]
[97.91015, 116.646675, 102.67275]
[79.79215, 96.345925, 77.0876]
[100.457625, 116.38935, 100.81435]
[103.524675, 120.866025, 105.07915]
[95.425725, 111.3093, 92.9277]
[103.1636, 117.250425, 99.382175]
[98.350325, 116.714325, 97.889325]
[82.7379, 101.42065, 79.456375]
[106.657925, 119.362575, 105.2695]
[97.577875, 110.190325, 94.08315]
[101.617725, 118.165675, 109.417175]
[58.024025, 75.73665, 74.52035]
[58.246525, 73.82695, 74.277125]
[54.78175, 68.03655, 67.670975]
[66.5375, 82.16615, 81.921625]
[62.768625, 80.954025, 78.35115]
[62.8773, 66.90155, 54.433525]
[131.779625, 159.491175, 142.35595]
[121.849475, 133.61305, 111.854525]
[150.252725, 169.078525, 164.572175]
[137.408675, 162.29625, 151.6986]
[129.6978, 150.593425, 132.3289]
[134.738975, 157.373775, 152.32755]
[115.81355, 135.11035, 156.43875]
[110.476275, 128.8023, 147.616775]
[99.34405, 117.5974, 134.97505]
[102.24265, 121.222875, 140.814725]
[112.556825, 132.2, 149.906925]
[106.999175, 123.44125, 139.015575]
[102.987375, 120.81785, 137.0024]
[121.295875, 144.008975, 166.274125]
[113.173225, 134.271125, 155.41715]
[106.52375, 126.5732, 151.330925]
[95.3486, 120.166125, 110.200325]
[90.980525, 113.308025, 100.106525]
[64.59855, 70.26645, 53.33285]
[72.174225, 86.838225, 75.817325]
[70.592875, 82.935025, 70.048725]
[122.552125, 133.005975, 135.92925]
[152.212475, 153.293475, 162.868225]
[160.8022, 163.535425, 175.428225]
[121.510225, 135.994225, 131.74355]
[150.195175, 160.15855, 158.944175]
[115.9481, 129.86745, 127.680225]
[129.992675, 147.3977, 141.929375]
[139.0896, 156.3758, 152.6587]
[156.0081, 150.478925, 150.138825]
[170.88965, 165.908475, 164.149825]
[172.395975, 168.438475, 166.51955]
[161.2437, 161.473775, 162.436625]
[167.003425, 166.243, 166.46105]
[153.69535, 154.9803, 154.492825]
[121.8101, 122.049175, 118.76395]
[133.9423, 136.256475, 136.753625]
[139.242575, 140.116175, 139.869525]
[114.98595, 111.225025, 114.296575]
[132.7789, 135.0951, 136.72525]
[139.529175, 142.6161, 142.816]
[156.261325, 162.037675, 164.169625]
[109.07385, 114.21355, 114.60415]
[108.39845, 118.71345, 119.437075]
[115.980025, 126.6726, 130.454975]
[146.83055, 150.90795, 151.707825]
[92.361775, 116.9189, 114.42855]
[88.753825, 105.520225, 93.5098]
[121.015925, 123.3423, 115.900175]
[115.195275, 117.28195, 109.2459]
[127.395075, 129.502025, 122.647425]
[110.867925, 113.78285, 106.68145]
[113.960625, 117.500175, 112.2529]
[119.972875, 124.649325, 120.31645]
[116.44515, 120.149775, 113.9912]
[99.91065, 107.4267, 105.137675]
[105.4073, 110.10335, 105.3647]
[129.2684, 131.961075, 122.961075]
[125.223625, 128.87915, 122.14335]
[117.656575, 119.32835, 111.171075]
[121.772725, 127.28005, 122.5614]
[145.22225, 147.65205, 138.907225]
[145.77205, 149.98815, 143.108125]
[96.26685, 95.250425, 89.302925]
[120.853525, 123.18575, 117.683775]
[112.527875, 117.468, 112.354225]
[117.87685, 127.046025, 120.29625]
[114.406575, 113.746575, 107.34805]
[108.6236, 114.284, 111.143125]
[146.809125, 137.704775, 136.1022]
[145.548075, 139.383425, 136.021275]
[142.408675, 143.058125, 142.259575]
[123.2405, 115.04065, 107.44355]
[139.816025, 134.251, 131.6806]
[139.85575, 135.5514, 140.19775]
[135.84845, 134.2659, 138.216725]
[125.970075, 123.289075, 119.685225]
[146.0153, 142.185375, 135.557925]
[131.647225, 132.108425, 120.67305]
[127.86815, 134.794625, 137.13565]
[117.75075, 128.713025, 129.7521]
[106.114775, 117.3542, 115.721575]
[173.645525, 173.243675, 174.77015]
[175.848825, 176.582175, 178.3132]
[152.567325, 157.151075, 160.625125]
[166.1333, 169.9358, 171.741925]
[118.1537, 120.857275, 120.008925]
[128.638, 131.113, 129.082075]
[141.186725, 151.369125, 151.883375]
[152.043475, 155.593125, 154.369475]
[130.460025, 136.01285, 135.233425]
[132.917525, 139.58635, 137.770525]
[111.539575, 116.4247, 134.966175]
[149.574075, 157.621775, 171.513125]
[144.08855, 146.029525, 159.608475]
[139.826975, 142.9761, 158.856025]
[139.21555, 142.5802, 156.442225]
[140.90735, 143.555825, 157.631925]
[135.81705, 139.531675, 154.849725]
[136.66865, 139.2564, 154.98825]
[147.0439, 150.668375, 164.8988]
[147.7244, 152.22045, 165.1926]
[139.500325, 143.656475, 159.24055]
[107.4361, 124.8976, 145.7556]
[110.51415, 130.09565, 153.273625]
[126.4128, 144.291025, 161.696525]
[123.968, 134.80235, 147.3909]
[67.45045, 67.180175, 76.806525]
[130.368825, 135.110075, 143.94515]
[120.4606, 132.934375, 147.692475]
[81.335675, 93.061075, 107.038725]
[141.4137, 154.053075, 171.65595]
[151.663475, 164.747925, 183.3059]
[79.5335, 96.043, 112.00675]
[108.756525, 126.038, 145.6823]
[125.898225, 140.05705, 160.16655]
[129.585225, 140.2356, 155.387375]
[113.649475, 129.162825, 149.944925]
[101.943475, 118.1101, 136.3796]
[113.6251, 133.68045, 151.193075]
[127.8365, 146.9719, 163.834325]
[41.833975, 65.576, 57.850725]
[81.9566, 92.897975, 92.972425]
[133.2428, 136.1098, 136.2063]
[137.46365, 139.593525, 135.643075]
[129.957125, 132.974775, 132.7976]
[127.57955, 131.82505, 118.665275]
[125.5659, 127.92895, 114.3102]
[119.32955, 114.5125, 119.0402]
[87.72315, 117.941775, 114.043475]
[103.048075, 132.013625, 119.573625]
[142.217575, 162.87105, 152.586925]
[129.02535, 143.581725, 145.5328]
[124.043825, 136.861, 142.73155]
[144.219175, 148.1249, 163.5984]
[104.047225, 112.841, 115.23425]
[125.263325, 128.176925, 133.29785]
[115.052075, 121.6617, 119.54305]
[124.741025, 127.8033, 130.768375]
[137.00125, 130.594125, 147.054925]
[126.6655, 117.554825, 129.58695]
[118.74565, 128.873025, 115.217175]
[102.323775, 106.9187, 91.1593]
[97.63885, 105.479925, 89.1739]
[117.21615, 137.426, 119.24855]
[116.87965, 132.010875, 127.027275]
[92.811875, 101.524025, 97.57245]
[88.142575, 97.4987, 96.5825]
[112.996625, 127.7207, 126.926425]
[116.5029, 130.268425, 114.9592]
[110.21475, 123.879875, 112.051775]
[117.05585, 135.126775, 122.341775]
[121.218325, 131.8726, 127.085525]
[79.7722, 92.001, 89.632325]
[96.74775, 123.722025, 104.6823]
[110.548075, 137.9291, 111.2905]
[93.8378, 114.026125, 97.556125]
[90.40925, 107.465725, 87.02905]
[138.061325, 156.51175, 138.5032]
[133.512375, 151.689975, 134.5746]
[145.513775, 160.522725, 148.77065]
[150.007425, 165.823525, 154.89065]
[132.265325, 139.181, 127.8358]
[126.4287, 135.568075, 121.041925]
[122.3783, 128.733875, 112.578725]
[136.854975, 154.3276, 137.375275]
[117.08065, 129.90885, 115.7665]
[132.224425, 148.5322, 141.2301]
[100.9221, 102.825175, 102.014175]
[65.9924, 69.0009, 68.719675]
[87.081925, 88.95855, 90.541725]
[86.3246, 85.611425, 84.174925]
[80.4712, 85.3999, 88.585325]
[88.94235, 93.782975, 102.7661]
[88.901575, 94.234525, 98.77065]
[82.812725, 86.657775, 86.3246]
[80.121625, 82.0332, 76.959525]
[76.1533, 74.297075, 74.069425]
[85.827175, 96.4105, 96.689025]
[110.25855, 115.396825, 117.801]
[92.9641, 101.200275, 106.936575]
[75.436675, 87.835275, 92.377175]
[87.711325, 97.8356, 98.47395]
[91.64075, 98.425825, 97.8515]
[89.05435, 92.00325, 93.029675]
[94.62675, 100.957025, 110.799575]
[89.603775, 97.24315, 98.3145]
[94.251725, 102.0416, 99.045725]
[104.225775, 119.600775, 127.2207]
[80.921925, 92.96265, 95.374675]
[94.5519, 103.318175, 105.965525]
[93.530575, 101.686125, 104.464025]
[105.6648, 116.335625, 116.15245]
[109.4898, 114.83475, 112.68285]
[119.411575, 128.805975, 133.074675]
[93.525375, 99.93165, 103.2858]
[125.49855, 132.99995, 126.534925]
[91.5837, 104.008125, 102.457575]
[94.989425, 103.799225, 110.97495]
[136.036325, 142.26835, 135.436075]
[137.604325, 146.0038, 138.353825]
[116.21345, 123.2171, 129.501325]
[57.672525, 83.013975, 73.982725]
[117.099975, 127.378875, 123.123575]
[115.89705, 125.159575, 119.754425]
[151.404425, 148.097625, 139.7757]
[123.234175, 121.90605, 123.5333]
[118.613825, 110.205025, 108.720425]
[130.5477, 127.449, 128.6679]
[119.345775, 112.980775, 110.48805]
[109.966925, 103.04935, 94.306225]
[78.875375, 88.583425, 88.5175]
[94.6752, 103.4926, 104.533275]
[90.5155, 94.604625, 93.985425]
[131.7538, 135.1546, 128.4988]
[102.3662, 115.4802, 110.99205]
[135.7816, 137.391425, 128.745675]
[104.273725, 102.448625, 101.5847]
[108.005275, 114.402575, 112.03515]
[130.60165, 132.74175, 128.96615]
[115.50105, 118.62485, 113.313525]
